layer = 0
batch_norm = True
pruned_filters = 5, 15, 1
filters_num_before_pruning = 13
--------------------------------------------------
layer = 2
batch_norm = True
pruned_filters = 15, 27, 18, 9, 10, 7
filters_num_before_pruning = 26
--------------------------------------------------
layer = 4
batch_norm = True
pruned_filters = 4, 38, 14, 45, 10, 37, 39, 6, 13, 46, 11, 20, 30
filters_num_before_pruning = 51
--------------------------------------------------
layer = 6
batch_norm = True
pruned_filters = 119, 67, 3, 10, 107, 54, 98, 87, 118, 127, 48, 99, 58, 122, 11, 80, 52, 32, 38, 113, 97, 100, 101, 114, 86, 13
filters_num_before_pruning = 102
--------------------------------------------------
layer = 8
batch_norm = True
pruned_filters = 55, 35, 63, 126, 84, 71, 25, 64, 56, 228, 72, 241, 123, 51, 40, 243, 108, 26, 224, 176, 152, 65, 215, 214, 242, 190, 249, 251, 197, 182, 235, 75, 200, 111, 5, 45, 131, 210, 106, 230, 175, 4, 53, 205, 141, 59, 74, 198, 61, 11, 6
filters_num_before_pruning = 205
--------------------------------------------------
layer = 10
batch_norm = True
pruned_filters = 136, 288, 124, 170, 185, 218, 145, 437, 94, 206, 121, 192, 247, 116, 214, 357, 178, 142, 291, 113, 132, 340, 404, 334, 130, 236, 310, 388, 209, 327, 167, 380, 431, 415, 263, 58, 127, 155, 335, 423, 485, 412, 162, 244, 443, 419, 241, 238, 410, 468, 352, 397, 481, 384, 451, 272, 479, 381, 409, 331, 435, 219, 469, 362, 295, 250, 156, 300, 183, 421, 496, 462, 466, 91, 474, 316, 308, 292, 220, 493, 482, 79, 270, 433, 161, 137, 470, 337, 25, 427, 98, 400, 172, 501, 96, 424, 253, 202, 193, 398, 34, 490
filters_num_before_pruning = 410
--------------------------------------------------
layer = 12
batch_norm = True
pruned_filters = 695, 842, 683, 646, 759, 831, 708, 791, 675, 840, 853, 748, 970, 872, 1011, 974, 953, 656, 934, 751, 884, 785, 980, 975, 771, 850, 693, 829, 820, 859, 865, 947, 962, 662, 977, 800, 657, 680, 1002, 873, 880, 993, 833, 881, 925, 857, 746, 971, 732, 782, 681, 682, 318, 997, 724, 937, 664, 710, 784, 956, 982, 769, 802, 705, 774, 958, 789, 986, 979, 959, 987, 848, 740, 324, 763, 762, 687, 23, 776, 712, 767, 948, 886, 876, 812, 99, 794, 46, 755, 692, 1018, 301, 871, 1005, 822, 929, 197, 169, 940, 960, 180, 845, 935, 313, 928, 13, 877, 966, 261, 53, 323, 799, 951, 630, 351, 887, 306, 291, 147, 300, 783, 117, 955, 629, 162, 809, 963, 1023, 709, 637, 298, 96, 972, 279, 697, 160, 470, 202, 87, 632, 295, 627, 729, 621, 251, 303, 611, 623, 894, 864, 229, 118, 98, 250, 365, 90, 625, 51, 917, 88, 20, 4, 228, 219, 102, 532, 731, 157, 358, 874, 685, 230, 914, 501, 451, 78, 356, 97, 104, 394, 896, 268, 312, 494, 84, 509, 10, 913, 170, 482, 257, 910, 317, 174, 436, 455, 262, 86, 47, 902, 577, 909, 280, 911, 16
filters_num_before_pruning = 819
--------------------------------------------------
layer = 13
batch_norm = True
pruned_filters = 54, 249, 55, 193, 56, 163, 159, 39, 164, 158, 220, 71, 203, 52, 16, 152, 129, 62, 4, 205, 117, 200, 14, 15, 9, 108, 25, 70, 156, 26, 154, 211, 114, 22, 125, 35, 110, 168, 23, 126, 27, 151, 11, 0, 143, 98, 133, 47, 153, 68, 82
filters_num_before_pruning = 205
--------------------------------------------------
layer = 14
batch_norm = True
pruned_filters = 0, 77, 150, 503, 470, 313, 187, 76, 315, 73, 142, 471, 154, 501, 302, 21, 127, 377, 104, 6, 7, 256, 10, 130, 326, 22, 72, 136, 391, 14, 70, 407, 467, 1, 123, 4, 118, 278, 3, 363, 18, 333, 291, 469, 125, 128, 436, 493, 43, 39, 158, 101, 159, 50, 160, 8, 119, 330, 122, 121, 113, 340, 34, 69, 86, 304, 314, 504, 478, 155, 44, 431, 385, 461, 270, 52, 157, 98, 378, 29, 184, 286, 23, 262, 156, 12, 162, 324, 319, 139, 455, 487, 392, 16, 116, 163, 45, 367, 435, 99, 420, 316
filters_num_before_pruning = 410
--------------------------------------------------
layer = 18
batch_norm = True
pruned_filters = 126, 127, 86, 82, 25, 21, 112, 114, 80, 26, 69, 78, 125, 62, 54, 42, 90, 39, 61, 56, 33, 91, 120, 19, 4, 5
filters_num_before_pruning = 102
--------------------------------------------------
layer = 21
batch_norm = True
pruned_filters = 69, 28, 52, 42, 124, 143, 228, 102, 215, 29, 92, 219, 231, 70, 1, 116, 148, 38, 118, 131, 90, 129, 56, 37, 132, 205, 91, 135, 15, 2, 22, 217, 246, 104, 244, 78, 41, 31, 146, 207, 48, 213, 123, 32, 147, 140, 114, 50, 44, 11, 255
filters_num_before_pruning = 205
--------------------------------------------------
